3,1
3,3
10,23
10,119
10,69
10,205
10,65
10,93
10,111
10,25
80,3
80,2
80,1
59,3
59,1
11,29
11,28
11,27
11,26
11,25
11,24
11,23
11,22
11,21
11,20
11,19
11,18
11,17
11,16
11,15
11,14
11,13
11,12
11,11
11,10
11,9
8,5
11,8
11,7
11,6
8,6
11,5
8,11
8,2
8,3
11,4
11,3
11,2
12,2
11,1
11,0
10,311
12,1
10,305
10,304
12,3
10,297
10,296
10,295
10,290
10,284
10,282
10,273
10,272
20,2
20,1
10,252
20,3
10,250
19,2
10,245
19,1
19,3
10,238
10,212
10,208
10,206
10,201
10,186
10,182
10,181
10,178
10,162
10,134
10,106
18,1
18,3
10,102
14,1
10,99
14,3
13,1
10,82
13,3
10,76
10,28
10,13
10,3
10,2
10,1
9,7
9,6
9,5
9,4
9,3
